0
9.66819863244031E-7
9.66819863244031E-7
0
1.0200650151328328E-6
1.0200650151328328E-6
0
1.0004483802264322E-6
1.0004483802264322E-6
0
9.75226992489631E-7
9.75226992489631E-7
0
9.836341217352314E-7
9.836341217352314E-7
0
9.864364981504316E-7
9.864364981504316E-7
0
9.934424391884318E-7
9.934424391884318E-7
0
9.68221051451631E-7
9.68221051451631E-7
0
1.0074543212644323E-6
1.0074543212644323E-6
0
1.0172626387176325E-6
1.0172626387176325E-6
0
1.0340768972088331E-6
1.0340768972088331E-6
0
1.0396816500392332E-6
1.0396816500392332E-6
0
1.0172626387176325E-6
1.0172626387176325E-6
0
1.001849568434032E-6
1.001849568434032E-6
0
